10322048
10332029
10391438
10555779
10818139
11138927
11241271
11463515
11493524
11520926
11749043
11751872
11834590
11879359
11978737
12007677
12110518
12151515
12200628
12207950
12235796
12372549
12397111
12426047
12548400
12587975
12648752
12677453
12806492
12816881
12911633
14531278
14578885
14624391
14646589
14993420
15057313
15132432
15132433
15148656
15175076
15258581
15351501
15500970
15537634
15542810
15632197
15662837
15725393
15730038
15820235
15845089
15889042
15893122
15944018
15987253
16037064
16061515
16151532
16211308
16297628
16298354
16354689
16392040
16410749
16428264
16433893
16506138
16513120
16636240
16780960
16791884
16803598
16895979
16954597
16971385
17005180
17054941
17092648
17108320
17115168
17126425
17166836
17176074
17199015
17314278
17341653
17342413
17498563
17548208
17567819
17580110
17620322
17662253
17690069
17765723
17765802
17940877
17964174
17972914
17984171
17997037
18093662
18201699
18243793
18306304
18316356
18319072
18329054
18381200
18402692
18413482
18425138
18446621
18520232
18625963
18640800
18674600
18718866
18751914
18756473
18765263
18780161
18799476
18840415
18951627
18955585
18976727
19002745
19074067
19154521
19172991
19185570
19238500
19328632
19351745
19368862
19410009
19431184
19474323
19490052
19536785
19557857
19591803
19689937
19723286
19779495
19815003
19835947
19899223
19915732
20015616
20054783
20060826
20108324
20116415
20201924
20211261
20226542
20231667
20338242
20339376
20348219
20348416
20374733
20385004
20410124
20434963
20438799
20554455
20618402
20687215
20697953
20798521
20831750
20833646
20861382
20865728
20929962
20933037
21049484
21056074
21094208
21121773
21190943
21215802
21216226
21238565
21269288
21291385
21320115
21333500
21429972
21439911
21448287
21467839
21501974
21608014
21633362
21636656
21664777
21683962
21693584
21747587
21750738
21786199
21856425
21880993
21890410
21903164
21909957
22019057
22025386
22033457
22079489
22119396
22127929
22202905
22226147
22281706
22295056
22303015
22304930
22311635
22318991
22345355
22378868
22379998
22381732
22389222
22419835
22429196
22504417
22509781
22556421
22574627
22578218
22578659
22630058
22639951
22643638
22681516
22720794
22734207
22752157
22768671
22772901
22820137
22849356
22881836
22892567
22944334
22949513
22957092
23044053
23049074
23065637
23077016
23134496
23140995
23154418
23155469
23188702
23209695
23216578
23228828
23236174
23249953
23250121
23253743
23263592
23266720
23294024
23313317
23328101
23333373
23362198
23376784
23398397
23398611
23406666
23419897
23458879
23462667
23480967
23496030
23511121
23516525
23535492
23542701
23542787
23551578
23587436
23603404
23708187
23714430
23744421
23754155
23783558
23823179
23831253
23882182
23918834
23938763
23939044
23944193
23945787
23955123
23996681
23997965
23999872
24024466
24041654
24051278
24061200
24062648
24076350
24085347
24088541
24108187
24114605
24129240
24138949
24164654
24177919
24179158
24201376
24218551
24219064
24227741
24236484
24253812
24312846
24315199
24331359
24333359
24337656
24358150
24360362
24380676
24381640
24415225
24417206
24467380
24470392
24488574
24491795
24553459
24586633
24586687
24590840
24593825
24595108
24597981
24599001
24624913
24641279
24645144
24650524
24660528
24671870
24680936
24688000
24702645
24708522
24710520
24712483
24731834
24733163
24757570
24760837
24805083
24808173
24828199
24853975
24874920
24909779
24912277
24952363
24953239
24966519
24980014
24998620
25005575
25025595
25027557
25033803
25066696
25083209
25087078
25108739
25109799
25112391
25131155
25146846
25183729
25206456
25206850
25219120
25221392
25242614
25265257
25270294
25271084
25303899
25304920
25313998
25328554
25346718
25378155
25395668
25398822
25411546
25420768
25425625
25427601
25428414
25433904
25434873
25446351
25459751
25461906
25472749
25480889
25501575
25516224
2553432
25565981
25572699
25576253
25587116
25591666
25595263
25600211
25601347
25605420
25614626
25624835
25653593
25666058
25668517
25669997
25680286
25681271
25683376
25708016
25713512
25742870
25752200
25767606
25785348
25833159
25833331
25846690
25852443
25854934
25865307
25876511
25880465
25885527
25891824
25898924
25903737
25907443
25918380
25925580
25936505
25958762
25959266
25960980
25967571
25970626
25979489
25982940
25989822
25993541
26004542
26005849
26026794
26033496
26057352
26060908
26063919
26071373
26072248
26088882
26092535
26102034
26123846
26143616
26176694
26194504
26209621
26210959
26214522
26220143
26239564
26239769
26274319
26279266
26281223
26289591
26294377
26297893
26299765
26299970
26302185
26302655
26320550
26333394
26359458
26362394
26364767
26391563
26391843
26407043
26426411
26450530
26456350
26482618
26483470
26511968
26515103
26517908
26525453
26542176
26551724
26553872
26564067
26584300
26605526
26607785
26621269
26643178
26648540
26656779
26656780
26657511
26675258
26676745
26690059
26717037
26722447
26727221
26729186
26732848
26742644
26746789
26751560
26758833
26759260
26773249
26788519
2679804
26801176
26802903
26804027
26808816
26811329
26823285
26828111
26840748
26841829
26855420
26876177
26899628
26909509
26917440
26937406
26941058
26941623
26943580
26945521
26947618
26947983
26979166
26981313
26985018
26988917
26991800
26993811
26999821
27005621
27011261
27013528
27021170
27021683
27023460
27030321
27049121
27049945
27051565
27057189
27068147
27083046
27105574
27107179
27107227
27132804
27141413
27145383
27148565
27150472
27152461
27176920
27179757
27191765
27194325
27196784
27216988
27233215
27238748
27250579
27281544
27308540
27310665
27318137
27324535
27355630
27376821
27386500
27391700
27396362
27430213
27456431
27456476
27458343
27471467
27902967
3280560
6617734
7485470
7603459
7774659
8331381
8394966
8896785
9173924
9315921
9710271
9891052
