22494963	
23114812	
23602431	
16413171	
20799863	
19776309	
24424097	
15163249	
19088485	
17217479	
19940519	
19527225	
25277977	
23196211	
19249936	
22770880	
26095484	
11772698	
18440891	
23549791	
22612810	
15217546	
17190917	
17190921	
24532810	
18229669	
21955111	
21143593	
19748374	
17544950	
23196487	
14657776	
23196526	
22495494	
24946773	
24808722	
10982494	
14999167	
23196509	
24835898	
25502049	
17190923	
17190924	
9736109	
18689289	
17459885	
11419374	
26249826	
20800343	
15996394	
25784538	
21143898	
11285090	
23115395	
21767995	
9137840	
18282812	
21628696	
17704005	
25587987	
24343539	
21087243	
20368472	
15380116	
9000791	
15380127	
15915004	
19389246	
22062941	
24478166	
22116533	
19006550	
16733293	
23385699	
22036483	
23385701	
21873119	
15968806	
24835083	
23303048	
15270593	
18848848	
19496684	
20156213	
15857440	
11469674	
16544370	
16917685	
19882937	
19773649	
16864305	
22945186	
17081077	
20719572	
20719573	
20181440	
15023511	
22386273	
12096933	
20554455	
25027171	
24583319	
25751757	
2886493	
24748814	
21056655	
25499091	
23982628	
25443741	
16330300	
24970620	
22972423	
17001527	
21305346	
16731213	
12576391	
25499157	
25891509	
14996228	
24009484	
24556209	
18359276	
15834218	
17651410	
12910822	
20723271	
17433929	
17433930	
17433931	
17433933	
10847312	
23630412	
24397915	
24397916	
24237329	
21416904	
10087696	
19828293	
25303867	
23794652	
15351340	
15351342	
15242330	
24394870	
24556736	
24176688	
14627772	
9864077	
25220610	
15750905	
16114174	
17513116	
23928924	
12823567	
1807964	
21494486	
22169948	
24749557	
24861129	
20394187	
25388761	
11122351	
17513199	
19167503	
23384470	
24917387	
11990306	
23902161	
22467296	
26005474	
12658677	
20098321	
7836345	
25667814	
24998474	
19468621	
17938045	
24861272	
24314750	
15509233	
23330992	
19693463	
14767397	
14601714	
14655928	
21494841	
23739102	
23739104	
20236347	
7485230	
23739111	
24998859	
16919061	
11444401	
25249652	
21899718	
18070674	
9682928	
18070676	
24395521	
24288600	
21360158	
21225151	
20044857	
16411967	
16492624	
22332980	
21441073	
19720567	
16678493	
24504420	
20825490	
22946673	
22678505	
23628168	
17109610	
23956555	
22946725	
22801357	
25194686	
23739454	
23464801	
24341899	
22494020	
21953881	
7937363	
7937367	
20638685	
19496041	
8768165	
19664963	
18976886	
22522469	
22522471	
16786360	
17109785	
17884749	
20609631	
23956871	
23302569	
24862108	
19775535	
23385394	
16598958	
25444891	
12768648	
23767411	
19939713	
23493813	
24504852	
25950260	
25950262	
24289166	
21333606	
18848469	
15888516	
21441644	
22333492	
15510234	
25866531	
24262783	
19802804	
26188240	
22116663	
17459179	
12852689	
16519947	
24289502	
19644320	
24951478	
22177026	
18287215	
24321434	
21933180	
25619673	
24756539	
25619676	
22953059	
22500308	
23663139	
25283151	
22500332	
15330935	
18557780	
25339847	
25119343	
25005594	
11912568	
24402215	
22042180	
22953149	
11043885	
20618414	
22743591	
18472483	
20618422	
8169185	
23745953	
8169182	
24156898	
22899399	
18313989	
15222776	
17116032	
21635244	
9561320	
20618639	
23663451	
25845308	
9432516	
22395208	
25062893	
21448112	
17493877	
16054870	
16054872	
20562756	
16766110	
23909855	
15115645	
24018740	
23883699	
23883700	
24295565	
23746430	
16632310	
8420594	
9988057	
26044518	
1513925	
22313228	
7592504	
24703187	
22926848	
24128677	
25035888	
23719879	
21852871	
25479833	
22205358	
19369016	
23773980	
24648794	
12720485	
24898571	
9034480	
10797883	
20728411	
19175394	
18983943	
21989731	
17494277	
17919547	
18262204	
15331965	
21204822	
24403284	
19040337	
25900871	
21204812	
22715262	
15331977	
16095926	
23664199	
14609440	
23746924	
17577471	
12859356	
12859358	
25452679	
23339210	
20482511	
20190638	
20375658	
18585709	
16553469	
14580127	
19013538	
15975853	
25788692	
23908360	
16026567	
19421063	
22014598	
24565580	
19780681	
22094744	
15142614	
22744668	
24676775	
16649826	
19359255	
19523351	
9474712	
19272797	
24777117	
9133756	
19493280	
24637976	
18685353	
15022570	
23625271	
14527479	
14527480	
24666788	
14527485	
14527494	
14527488	
15186340	
15186341	
15186343	
21951371	
24969607	
26307204	
17726640	
17080337	
21790562	
24286483	
19909703	
18410848	
18331650	
18305309	
25302537	
18490199	
17107268	
15992558	
22766393	
22195361	
20499576	
18765418	
16383142	
22465594	
16383144	
16383147	
20126334	
24555255	
24063537	
2258375	
21681111	
16383246	
21951753	
22331030	
26034770	
25723912	
20950971	
20153428	
10523064	
24721202	
21277833	
9108988	
25780265	
17936687	
21112827	
26633959	
16650602	
22358309	
14654422	
14654423	
14654424	
14654425	
24997210	
25890922	
24639235	
23520221	
16676784	
25584292	
14995918	
23274003	
12576175	
24529830	
16302887	
25666511	
19300556	
11093063	
23463065	
20473452	
23653425	
7883739	
23163236	
23434722	
20125012	
22889330	
8971108	
7657919	
25246233	
20851689	
19800848	
19387519	
26092917	
25331187	
22861166	
12521356	
21168466	
22114789	
17727668	
16891413	
24261220	
22945747	
18359203	
25138986	
17296540	
22061177	
22278359	
23220251	
19578343	
17485241	
19506826	
12452523	
20002130	
22813348	
20002150	
22073383	
19286476	
17416208	
16234878	
25877155	
11160465	
16005686	
25232691	
17922898	
23449174	
24874547	
21777230	
23861291	
10073398	
25429246	
23777887	
21208580	
25178706	
18265880	
10965285	
18424237	
22209797	
22688213	
12641485	
23965606	
21315660	
12453029	
16930365	
19453718	
20705076	
16060954	
22958112	
24380676	
21426322	
19233316	
17147591	
24929650	
24077889	
8500080	
23369763	
17389120	
23888244	
24956916	
21938457	
8703225	
18451194	
10380152	
12865614	
16235511	
24735169	
22720001	
22560527	
22691064	
9850227	
24489471	
21694818	
25905532	
15952957	
22691119	
15227961	
21668415	
24762203	
25877976	
21857587	
18319201	
8832193	
18240065	
19951134	
21668444	
17687661	
23233847	
25317097	
23751293	
21453356	
22845611	
9122323	
16504591	
16504592	
14982915	
22814517	
8857418	
24846538	
24024053	
15521981	
17201708	
22720454	
16931061	
22372024	
25905906	
11483391	
25262047	
17201725	
19760899	
15009574	
17977273	
22534356	
14641568	
19814948	
25851193	
8857719	
12950437	
23668868	
23099232	
25179745	
18451712	
23560600	
20112041	
23099287	
23668901	
19260944	
19896907	
25485260	
18214209	
18505356	
15256192	
20381170	
20865679	
23835352	
21508139	
17715268	
25450530	
15384931	
17628429	
24155770	
25506169	
20215042	
16524746	
16791780	
21633607	
11450180	
25423603	
1487473	
22338841	
15461543	
9192541	
20077794	
23443759	
22365651	
17548985	
26100481	
20699036	
12943932	
11531201	
22365727	
20617496	
18339478	
19726418	
24785427	
23417269	
20726876	
25367637	
17628693	
17383149	
18772230	
16174309	
22978541	
18206793	
20803511	
25505860	
18049719	
20587836	
24016008	
19474413	
25088717	
25618222	
19119022	
20187883	
26315614	
24509291	
17574796	
18022621	
15329353	
9533672	
17382594	
10714408	
23907982	
15057842	
22951778	
18207113	
20188170	
24070880	
25172377	
23498559	
22554067	
10795850	
16871136	
19699161	
21633250	
23800750	
23200700	
22446998	
19945170	
21474179	
16120491	
17464790	
12447798	
17008822	
22473538	
20373857	
16337435	
25592157	
23200771	
9457263	
23146067	
16498488	
24563816	
10478707	
23499427	
22743101	
16684633	
23281644	
23092918	
20831456	
15597329	
11803526	
24456374	
21148174	
24321212	
25674736	
20374205	
25395820	
12915866	
23772235	
25237665	
25071711	
21320984	
22629103	
11191930	
22723198	
23836812	
17420145	
17870672	
19625983	
16265941	
16103019	
25209164	
16961421	
12060009	
16533968	
8026406	
20544053	
18216301	
25237472	
23479087	
15367048	
14728103	
18505992	
25936277	
19289224	
10885738	
10885741	
25042599	
23726541	
21482234	
15955040	
10102003	
10408553	
14698691	
22628584	
19376269	
14698707	
21807031	
25209079	
25209076	
19074541	
14698708	
17690084	
17690088	
17690089	
16932856	
18031549	
19046901	
11297029	
16156345	
21967731	
17767570	
10643930	
25208635	
16719909	
23562239	
18754916	
7950349	
17557474	
24491795	
24192553	
22988820	
23016553	
21239172	
24986038	
10408740	
25127174	
21509086	
14984897	
16426090	
18565495	
19540298	
16426111	
20569735	
18729586	
22130005	
16102515	
16720097	
22293696	
12811611	
20654034	
20654035	
17070112	
23642574	
23318929	
18565660	
25127371	
25043754	
21671440	
23510031	
22321334	
16238707	
18782632	
15258225	
20708575	
19210202	
17611160	
19927233	
23616158	
15820336	
22510047	
16009565	
21968843	
25487912	
15820352	
23346516	
20087181	
19541252	
25628733	
9517902	
22158731	
16400294	
24330406	
17502165	
15903006	
25656284	
22403552	
17018048	
19236951	
24738630	
18163039	
21752020	
15012667	
8227492	
23264365	
17071141	
17178077	
17558627	
23074486	
12593463	
23373801	
24250161	
17462066	
15112464	
23770634	
24975621	
23061663	
18555203	
23770631	
11584148	
15029075	
17300990	
22336751	
16092037	
23305780	
15486569	
18021341	
25896840	
17166775	
25143737	
11801236	
17381437	
17381442	
18021524	
19805824	
16682431	
24069608	
16227562	
12609152	
21472437	
12609226	
25672693	
25700971	
22977896	
25422013	
12609316	
21173849	
12609223	
10528877	
21876340	
24975822	
23415480	
24895390	
20586523	
26252585	
11801436	
12855836	
16092463	
25337326	
12609126	
21713554	
21310668	
16416101	
24645699	
23687123	
24561658	
21119155	
23660010	
22092631	
24372385	
25225022	
24534759	
23825486	
22682322	
11181097	
19171290	
26011099	
15355484	
15165432	
25869354	
15891417	
23742788	
20451745	
25198012	
18337178	
11474770	
19225366	
19225370	
22146932	
24318482	
25896574	
17489946	
26557170	
17888813	
24921412	
21391248	
23605504	
17547588	
17086946	
16145540	
20586730	
21256829	
21146461	
24239433	
24239435	
21445630	
21365595	
19500273	
24126028	
25003397	
19724978	
20452610	
16052243	
19557379	
22924392	
22652424	
15702654	
18719640	
15622822	
19889019	
20506226	
21392253	
25254186	
25815256	
23933912	
24070226	
22472188	
18929077	
15113257	
18929080	
11475942	
18929092	
10399445	
22868578	
19500573	
17140845	
26162382	
25645635	
11013800	
10067084	
24795150	
22908258	
22818990	
8077172	
25546730	
23944981	
17980556	
24166145	
23755740	
25210268	
25238553	
23510742	
24166201	
20490656	
23563876	
26025226	
24330987	
19900553	
17980738	
23643980	
23784736	
24629398	
24411952	
25461195	
19264450	
25461202	
21942695	
26266098	
19568380	
1471655	
21537552	
24629631	
11325573	
22268458	
25461211	
17098570	
25461206	
25461216	
25461225	
11952036	
17260039	
17260045	
20655678	
25742040	
21131237	
23480530	
25461352	
24739448	
24739449	
23564206	
12897555	
23918834	
23644315	
24412221	
17665279	
22881296	
22881219	
18620801	
24304435	
19515283	
24520813	
11083162	
22881385	
23701733	
24304474	
21511198	
19874162	
21103961	
23103306	
20464594	
16722292	
17393773	
22632406	
17393770	
22632407	
23103311	
25406859	
23756476	
22963022	
18540923	
22322413	
18191908	
21269290	
23075579	
21269285	
22132354	
24055278	
23756485	
23756486	
23756487	
17559734	
25799904	
23785408	
20942585	
25129572	
25742577	
19458986	
22377332	
22295919	
24082923	
24304809	
19049567	
24685974	
17692191	
25016241	
24574628	
22322995	
12786928	
21753899	
23375187	
23045900	
20842989	
12007677	
25575071	
22349770	
25855688	
25882788	
21131913	
21809259	
23428299	
11353588	
9724944	
8707997	
19020432	
14698716	
17017312	
21402499	
19817076	
25154505	
24356613	
21615268	
17716602	
20570109	
21130692	
3780609	
24738919	
17178350	
17044832	
23563714	
17344100	
25745975	
25714749	
8556092	
23046768	
19050728	
21434472	
17156154	
19713869	
17156158	
15155057	
26149920	
19435590	
19326091	
25410633	
23269105	
17425226	
15101835	
15101836	
1300220	
22381023	
24470771	
23870020	
20602718	
16324754	
25214788	
2228982	
24032090	
22136077	
18248493	
19822771	
12542576	
19408842	
16134760	
18353731	
25077332	
15881630	
24282241	
17425470	
16108455	
21757378	
20011716	
25270297	
17156708	
15345276	
25325583	
16041864	
24716868	
23621601	
21676956	
17318057	
15665152	
23458461	
21515498	
23458462	
23458466	
23458467	
23296133	
21435162	
21975589	
12625994	
19741531	
12598821	
16996802	
2631135	
17850323	
21354267	
21300573	
21703596	
21327174	
19026763	
24828101	
17537348	
17537349	
12791330	
26366961	
8711787	
18652089	
24912075	
12151120	
14706040	
21920639	
22940575	
25466258	
20388896	
21435911	
9755281	
25439578	
18302129	
25244257	
16566871	
16886981	
23677747	
22886854	
22914379	
12680900	
17480181	
24199597	
19241657	
20362757	
18434287	
25244361	
23541859	
12790898	
14762041	
18841650	
12599109	
19933174	
19081517	
19490049	
10493281	
15450280	
24912286	
18822828	
17352945	
24587054	
24725141	
21087246	
8719124	
24012505	
11392348	
20723096	
20584522	
25784856	
21416735	
19859874	
17058048	
24698169	
9214531	
1534296	
12390624	
17598392	
16225815	
22496118	
16143568	
17084999	
24615646	
23931787	
22172876	
15673617	
25868308	
22091599	
22335435	
19555151	
24179777	
22417223	
17380090	
18494789	
16841796	
25001395	
22091708	
18926930	
18926928	
19335564	
25420399	
25169800	
24864217	
24864167	
19667221	
20669014	
17545953	
17994166	
25001580	
23467255	
18177355	
21577213	
23905490	
25169759	
19528515	
22092080	
20642268	
23440753	
21524264	
25086640	
21470954	
22091925	
21577358	
11011863	
22578079	
22649454	
22922592	
24836964	
24947872	
23334075	
19170735	
14658975	
25142792	
16949344	
17572779	
21795626	
12047590	
20828327	
20075009	
23551186	
15834956	
21417580	
21985082	
22146421	
16050919	
20477847	
22092267	
23879443	
26598594	
25561379	
23851919	
15861990	
24534467	
2463913	
20370963	
22012099	
22614308	
11393328	
21498130	
25170322	
25170314	
22282649	
22772649	
17599477	
20021317	
24560705	
18047598	
18047599	
18047595	
22038907	
16922260	
21471551	
15246340	
22649877	
16144537	
25059267	
26097830	
19365127	
20556762	
19033706	
22679369	
15564056	
22116946	
24370172	
22893803	
9111849	
20173689	
17640500	
17640494	
26268116	
20200691	
16883506	
23376141	
21971696	
16483851	
19406366	
18062047	
19351225	
22964437	
19186216	
25157963	
24989980	
20385887	
21049184	
23429545	
11897476	
18812205	
21863692	
19213199	
25351912	
19766541	
9339883	
24414135	
18325296	
21432610	
22566712	
18062331	
21890419	
17903679	
22937854	
21076325	
15315510	
21188255	
19406756	
23429849	
23482732	
20063252	
23429818	
21188315	
16965185	
18785880	
10836280	
15315714	
24660879	
7527758	
17477221	
21459634	
23294049	
14620325	
24333577	
24057280	
24169026	
9443708	
23787169	
20972251	
23513421	
24469016	
23646966	
23646962	
21619486	
23758760	
22965264	
16377138	
10080518	
24798217	
25857623	
17848125	
23131972	
23646975	
23294289	
23646978	
16403851	
15770235	
10207578	
16724649	
24882462	
25323891	
21784623	
20739647	
18596638	
16296575	
23647072	
23021287	
17876423	
24798410	
20493725	
18194217	
15127308	
20201711	
22271699	
17588547	
22884408	
15717111	
19931171	
10080966	
20548043	
20817551	
18511129	
25464360	
26581389	
24632481	
24632482	
25324312	
22511918	
21242052	
22431439	
24962151	
24028828	
18621578	
10830327	
24300808	
12950705	
22427156	
15791142	
12950698	
19428270	
23915396	
25152631	
17714705	
26423882	
22075066	
25012372	
25012377	
12374635	
21805357	
25012378	
12893113	
25012383	
25012384	
24736120	
10695641	
23180057	
21454133	
23969203	
17337068	
23424217	
26356713	
25878739	
26390297	
17635568	
24134523	
2422768	
17662062	
24598038	
24655403	
19760894	
19760895	
20865469	
26108190	
12113998	
15576000	
25654177	
19346279	
18807328	
26022458	
19733861	
16959542	
17337248	
24463303	
24463306	
12454558	
25346507	
21481449	
23780309	
19762056	
25710418	
23614581	
24682679	
24463650	
23398196	
21293268	
23614482	
22784349	
18294024	
24571117	
18644466	
15365705	
24655774	
18728742	
23726071	
8858715	
8833564	
10537955	
23424922	
17445108	
25767079	
17662661	
18834366	
18644739	
10101615	
17925420	
24682862	
21346733	
20625320	
26573500	
23588229	
17925479	
24135381	
17925503	
13129986	
18004965	
25431721	
18479385	
25599986	
14643004	
24080067	
22722042	
24931538	
25013309	
19101080	
18268188	
17176542	
17176543	
23153713	
23398544	
23726375	
20194124	
22020352	
17201028	
8198840	
22263960	
25542587	
22661180	
22958083	
19480669	
19730928	
8752075	
21531631	
25541120	
15145306	
21719591	
16124669	
15145303	
20676648	
11642481	
19648193	
8376613	
21750525	
23345237	
22003885	
23326249	
16997635	
19189862	
24116691	
12410063	
22462650	
22004000	
25384075	
15319026	
21192145	
22004073	
24856551	
22165497	
21704566	
17825627	
19109208	
16807727	
25107685	
24116877	
21543262	
21840769	
24801491	
17671050	
25050778	
17400428	
12792456	
18302630	
24691297	
24691300	
11901354	
23898259	
24472685	
16861047	
26242533	
23650212	
17453618	
22220430	
22489254	
9627199	
24364503	
17239109	
17239112	
14651443	
19853220	
19853212	
19853213	
21463282	
21463289	
21463290	
11686052	
18514079	
17644769	
24033944	
17724291	
25384629	
24172878	
22220776	
12792840	
16998416	
20495966	
18545776	
21569020	
25243908	
22327310	
25999865	
21920811	
25244006	
19769597	
17508163	
24912295	
21703934	
25326290	
23051132	
23816520	
15476915	
25271202	
21787169	
19409813	
23432715	
22056967	
21109149	
23978468	
19437897	
24745717	
23570481	
17565593	
21355881	
24200603	
22763451	
24200617	
11740632	
21761951	
20067511	
21302294	
25384916	
17373412	
24337617	
20470689	
19110072	
24527479	
12040500	
22221159	
15990485	
22796339	
19744403	
22221191	
19744399	
24473445	
21247797	
23762721	
16941522	
25440828	
19438149	
11252642	
23895621	
22541290	
20467546	
17615420	
16216161	
19931492	
17984162	
11001612	
11409515	
23483832	
12460844	
21189229	
22001435	
26239400	
23132700	
15529089	
19353216	
22217952	
20414152	
20494326	
16697412	
22055354	
23159384	
24141608	
23324316	
21838503	
22792005	
12900950	
20659151	
23350840	
23106521	
11817159	
12873331	
23106520	
23759782	
18485315	
19214828	
1600907	
22760463	
16297441	
20659435	
26504494	
24991777	
15529462	
23949263	
25410361	
24799359	
17984630	
21676163	
17397097	
21541221	
22218281	
20361060	
20945999	
20946000	
25410447	
24086423	
15582854	
25410455	
18723118	
18828811	
16712943	
25369690	
20728877	
23556140	
24074010	
14510814	
25594106	
14510816	
14510818	
14636331	
25566370	
14551691	
25539039	
10690994	
18559371	
21039311	
18078790	
26417756	
20190964	
24485494	
25036902	
20402746	
22422828	
15089102	
25007282	
25121104	
26351577	
23937662	
19838325	
7969943	
22178816	
16393162	
16393164	
20136682	
16686651	
24842343	
19013986	
17551358	
21907883	
20191013	
21093381	
18723376	
24377194	
10691113	
22123895	
10934565	
21093520	
23747495	
7969967	
23664806	
23747499	
17999745	
10798821	
24980064	
25510941	
24323428	
8956846	
24512779	
25092427	
23636930	
15571520	
17467409	
23775164	
16767530	
23583115	
24622158	
25092377	
21801171	
24980390	
25453554	
12504204	
21329873	
22059118	
26002351	
20663152	
19298867	
23873292	
18711824	
17593115	
17593119	
17593120	
11253491	
1479136	
19439160	
17646191	
21384700	
21732939	
9133159	
21732932	
24776488	
23980806	
23651914	
20206472	
24501278	
24062482	
23245971	
20015083	
16408832	
19002745	
22249602	
24447124	
20472003	
10895797	
22222329	
16942671	
19466220	
10469946	
19745651	
19272419	
15376694	
23926580	
14994733	
15376700	
23246202	
24259347	
25218478	
24035645	
21492195	
20472188	
23461849	
25414770	
16275164	
23408874	
15560315	
19635161	
23054248	
10627410	
25692921	
19717854	
11903468	
22303525	
18410358	
19245845	
21194486	
24312498	
24008077	
22303523	
11903535	
20418874	
17988950	
22139899	
25583290	
18541791	
11869778	
25435084	
18648254	
10753004	
21269833	
25575287	
18164631	
25266701	
11869649	
20088883	
19185213	
20628631	
21970698	
21970699	
10999562	
14592635	
19379093	
14592638	
8304602	
21242420	
24630806	
23673537	
18164901	
24796793	
16038597	
24989152	
21916826	
21269844	
24440464	
21214538	
24001070	
17368109	
17368107	
21214533	
23591757	
21214535	
21214537	
18456563	
15526965	
15526969	
23618390	
14592640	
23673774	
24167801	
24056129	
19239040	
19050415	
21048601	
16776493	
16776494	
24167947	
26362374	
24631009	
16268662	
26362384	
24495079	
11735655	
15287247	
22937230	
20305305	
24468242	
22215988	
23565727	
20869920	
20816265	
22937349	
23565813	
24824664	
22937332	
1371122	
19541505	
23155407	
19541506	
18243638	
21671922	
19514515	
20087479	
20708970	
25601827	
8348207	
17580006	
25678862	
19621484	
9222259	
12532518	
22370115	
20138588	
25066123	
15708303	
24652453	
26322079	
12197456	
26491330	
20351597	
25623811	
22532241	
21829459	
26198689	
23205518	
25260236	
14751207	
14751216	
16449488	
22099526	
21478749	
12506260	
21964255	
21993145	
25624091	
25232349	
9435993	
22659718	
15007987	
22370516	
9461759	
21584848	
22957244	
7746398	
21993183	
22019751	
23695069	
25514063	
23205844	
22505856	
21937501	
18423617	
21883177	
21883178	
17922775	
21180624	
10614566	
25010320	
23777558	
20593192	
15520608	
22019872	
23667393	
18423667	
23532548	
17580590	
25721785	
24802403	
21517648	
24553460	
16781825	
22544726	
9183136	
23271759	
24719199	
24857809	
21220681	
20662557	
23381169	
17987732	
21517800	
22166699	
22915957	
23980137	
24553691	
23735521	
21762447	
21762449	
21081305	
16246634	
16246635	
20471326	
16246631	
20552151	
24230987	
22518121	
24258570	
22411237	
23461027	
15452291	
11987480	
25834450	
10574035	
12737413	
24580998	
21248439	
20921514	
24858213	
23025640	
14624967	
24830766	
25637104	
25496898	
23926033	
20807351	
25342058	
25539775	
10826513	
23095571	
19646816	
24074883	
22810316	
22810318	
24513018	
24130229	
15224709	
17038030	
23095585	
17920770	
22657836	
15949970	
24650790	
17684419	
24186910	
9563095	
22341961	
18210799	
26288757	
26046371	
24678321	
24297305	
19203986	
22368774	
22341983	
9614477	
15680343	
19810843	
19204023	
24323995	
12109925	
21450179	
25314041	
21962755	
21718458	
17091613	
20675420	
26074864	
23176240	
23859128	
11669346	
25847809	
25092942	
23095843	
17947336	
21288978	
19370903	
8906527	
22450177	
22810865	
24159385	
23394027	
25819943	
10665941	
24103901	
21881472	
23122599	
23504304	
8700786	
16901441	
23066937	
21450532	
22983820	
16287341	
19674046	
21909104	
19674062	
16475480	
23038608	
20081519	
25678032	
25848279	
16688018	
20675967	
19647504	
23447735	
16608049	
23666042	
17092192	
17012337	
12196604	
16768644	
21504584	
23939032	
18157435	
25735687	
23776372	
18803965	
21881983	
26228808	
17172614	
16151568	
22450761	
15705609	
11130214	
23635869	
17196883	
21692792	
19204849	
19015658	
18725059	
24432840	
17553120	
26353448	
25371679	
19258288	
21316266	
25286604	
21316310	
18804186	
18184290	
11048910	
22689063	
25149863	
17974865	
23448093	
24760032	
18777480	
18396465	
18777477	
18777482	
18777483	
18777484	
23231848	
17415073	
17253878	
14555426	
24405940	
16059450	
16688621	
23886593	
24050022	
25794339	
19675740	
11240547	
25377755	
25910561	
26524866	
26546467	
25277323	
26702255	
25481020	
25979377	
26262937	
26283305	
26283306	
26291774	
26300533	
26291282	
26311752	
25444536	
26293670	
26332282	
26387857	
26445704	
26713005	
25451726	
25433909	
25252667	
25252669	
25891925	
25891930	
25315683	
26192153	
26437459	
25571986	
25749198	
25412806	
25440829	
25599987	
25812936	
26091860	
26437800	
26740928	
25754865	
25863941	
25882323	
25911209	
25940104	
26262940	
26205634	
26197262	
25404052	
26758111	
26205327	
26342499	
26498232	
26783384	
26708065	
24478367	
26043165	
25754503	
25794467	
26275374	
25856437	
26509840	
26818167	
25495495	
23755170	
25667868	
25870791	
26423430	
26356289	
26752195	
26388157	
26488678	
26669212	
26669213	
26552385	
26684336	
26830881	
26119641	
25468911	
25156902	
25580566	
25921549	
26525453	
25745820	
26782334	
23372467	
23946711	
24235893	
25307572	
24915956	
26840870	
23406913	
23909850	
23909853	
26834651	
26844737	
26844740	
26404175	
26443628	
26437214	
25979583	
26455683	
26170037	
26319691	
26720704	
26773515	
26184893	
26742317	
25986201	
25634739	
26552559	
26552565	
26482261	
26060308	
25217379	
25658216	
26415919	
26275332	
26638777	
26415594	
26374786	
26494633	
26597416	
26113069	
26676689	
26874840	
26311228	
25201078	
25322806	
25362099	
26350728	
26537360	
26316422	
26398591	
26409129	
26453891	
26469800	
26496010	
26711122	
25576148	
26112160	
26040215	
25799088	
25349958	
25942630	
25374034	
26455758	
24906967	
26773074	
25851890	
26343858	
22217520	
25312985	
26578505	
26629986	
25187753	
24532242	
25421878	
26594849	
26912996	
26827300	
26851646	
26874243	
25754610	
26321393	
26926975	
26315001	
17901922	
25193243	
25062960	
25439852	
26548617	
26708060	
23646973	
26409901	
26897026	
26595870	
26513430	
26613999	
26929624	
25393081	
25889039	
26405128	
26341150	
26785359	
26786278	
25421404	
26526143	
26940460	
22684833	
26062825	
26088890	
26674330	
26813337	
25962656	
26552418	
26966367	
26922279	
26054729	
26075103	
26637130	
26894822	
26961412	
26854586	
22360871	
25167091	
26520880	
26580213	
26580214	
26580215	
26983867	
25826421	
26928343	
26409194	
26831952	
26896787	
25835959	
26740507	
27000253	
26442224	
26376175	
26977240	
27003556	
18457475	
24684608	
26627452	
26817292	
26948360	
26048754	
26456522	
26963117	
26979507	
27015252	
25066707	
26059527	
26235301	
26631470	
26945371	
27017024	
27017028	
25851547	
25017348	
25085987	
26008807	
25711470	
26381254	
26989064	
26965494	
24355523	
25344746	
26627235	
27039330	
26864870	
26324339	
26034150	
26909787	
25404374	
26340381	
26558806	
25689574	
25822212	
26530473	
26608108	
26662192	
26987212	
27047557	
26462817	
26446112	
26969168	
26949152	
26949154	
26953845	
26970996	
26900886	
26994361	
26914931	
26900650	
23103308	
23110401	
25106626	
26963820	
26176653	
22726908	
26076841	
26187496	
25922052	
26076801	
26500242	
26392218	
26582750	
26650246	
26775235	
26831642	
26906630	
27086983	
27086986	
26706016	
26985359	
26525920	
26658876	
27022917	
24549170	
26818103	
25130321	
26656178	
26675554	
26688426	
16341287	
20816421	
25945683	
26321374	
27092043	
26521659	
26446094	
15351343	
22947395	
26220378	
26220388	
26731277	
26573389	
26318633	
26860086	
26936802	
26675663	
26549780	
26514553	
26978499	
26978510	
27080038	
27110104	
26190150	
26198999	
26216617	
26480221	
26737898	
26988906	
22003910	
25755209	
25853725	
26111356	
26643546	
26745205	
26510169	
27133257	
26587652	
26103532	
26119621	
26033229	
26338194	
26754851	
25495361	
25900224	
26494436	
26631617	
27127785	
26188223	
26761369	
26587796	
18678692	
22292566	
26032706	
27147960	
26650853	
27136409	
21426327	
25979489	
25324335	
26307008	
26515722	
26593455	
26996997	
27037674	
19912555	
24093801	
26087278	
26768685	
26506904	
27158270	
22360345	
26101204	
26264466	
26490879	
27029636	
23810644	
26125563	
25889173	
26177478	
25979311	
26225899	
27181165	
26935782	
26952026	
27001226	
26322978	
26450065	
26156948	
27186225	
20633395	
23597546	
25444592	
25312691	
26341819	
27186692	
